0001024	9905196
0001024	9907066
0001028	9712195
0001028	9812136
0001076	9703189
0001077	9702093
0001098	9510017
0001145	9803132
0001167	9903077
0001202	9808042
0001202	9810022
0001202	9912092
0002072	9911055
0002078	0001028
0002078	9812136
0002078	9912033
0002161	0002072
0002161	9906064
0002193	9802068
0002229	9410237
0002230	9902121
0002230	9906064
0003118	9301052
0003118	9906064
0003176	9903077
0003188	9808042
0003188	9912092
0003237	9906064
0004014	9510017
0004014	9906064
0004014	9911015
0004014	9911055
0004049	9405109
0004049	9405194
0004049	9606181
0004049	9701149
0004049	9912077
0005096	9305032
0005096	9901061
0005159	9710153
0005159	9801195
0005199	9802068
0005253	9802068
0005266	9812013
0005266	9912055
0005279	0003188
0005279	9808042
0005279	9810022
0005279	9912092
0006050	9411057
0006068	9906064
0006156	9412229
0006156	9604044
0006156	9805008
0007022	9906064
0007022	9907209
0008001	9509066
0008001	9707176
0009122	9906064
0010063	9906064
0010063	9911055
0010175	0001167
0011081	9608079
0011118	9906064
0012150	9311092
0012172	0003139
0012182	9706217
0012182	9905165
0012182	9905196
0012182	9906064
0012182	9907209
0101113	0001024
0101219	0005159
0101219	9510017
0101219	9707228
0101219	9710009
0102006	9505100
0102033	9706217
0102033	9905165
0102039	9202057
0102039	9411054
0102084	9510017
0102180	0006156
0102182	0005199
0102182	9802068
0102182	9810147
0102188	0102181
0102188	9612194
0103081	9906064
0103086	0010076
0103086	0102006
0103086	9309140
0103086	9411057
0103086	9602060
0103101	0001024
0103101	9905196
0103112	9711002
0103182	0102084
0103182	9701149
0103182	9906064
0103247	9903048
0104005	9705117
0104066	9609052
0104178	0001024
0104231	9608008
0105082	0001167
0105082	0010175
0105107	9202057
0105108	9906064
0105111	9301052
0105111	9709091
0105145	9701060
0105145	9707257
0105259	0001202
0105259	9808042
0105259	9912092
0106143	9906064
0106143	9907209
0107005	9505157
0107083	9710048
0107083	9906064
0107208	9701060
0107214	9709107
0107214	9911150
0107222	0008063
0107222	9903113
0107222	9912067
0107250	0010175
0108004	9602089
0108110	9503157
0108110	9912180
0108115	9903190
0108174	9801141
0109068	0104005
0109068	9906064
0109073	9309030
0109174	0008001
0109174	9903048
0109174	9906064
0110057	0105082
0110057	9204057
0110105	9705046
0110105	9803265
0110137	0006068
0110191	0001167
0110191	0005253
0110191	0010175
0110260	0105111
0110260	9301052
0110262	9302037
0111004	9303048
0111004	9307168
0111122	0102188
0111161	9611214
0111207	9805086
0111207	9906064
0111255	9906064
0111264	0104005
0111264	9906064
0112030	0006229
0112030	9612194
0112030	9705052
0112030	9705124
0112030	9712132
0112043	0001076
0112043	0004194
0112043	9608096
0112043	9703189
0112043	9709091
0112043	9710009
0112055	9204099
0112141	0102039
0112141	0110057
0112141	9210109
0201181	0004194
0201181	0112043
0201181	9703189
0202060	0009122
0202060	9906064
0202074	9410029
0202074	9510017
0202080	0102039
0202080	9202057
0202080	9210109
0202080	9411054
0202156	9803002
0202178	9711002
0202178	9810171
0203274	9906064
0204160	0108115
0204198	0101134
0204198	0108170
0204198	9903048
0204198	9903190
0204242	9906064
0205174	9710009
0206049	0003118
0206049	0110260
0206146	0010063
0206146	9906064
0206146	9911055
0207267	0003139
0207267	0012172
0208102	0003118
0208126	0101219
0209044	0003139
0209044	0012172
0209044	0107222
0209044	0207267
0209044	9804177
9210109	9202057
9302126	9204099
9302126	9302037
9304125	9302006
9306083	9301058
9306083	9307168
9310194	9204099
9312040	9201026
9401042	9202047
9402017	9208008
9402107	9309140
9403066	9202047
9403066	9302084
9403175	9402107
9403186	9204099
9403186	9302126
9405109	9405194
9405126	9208007
9405194	9312206
9405194	9405109
9406129	9208007
9407186	9401042
9408035	9210037
9408040	9302126
9408097	9405126
9409048	9201002
9409048	9208007
9409098	9402107
9410016	9304114
9410237	9302126
9411020	9203052
9411020	9307168
9411100	9409098
9411210	9211072
9411210	9309140
9411210	9310153
9411210	9402107
9411210	9402147
9411210	9409098
9411234	9308122
9412075	9303099
9412075	9401061
9412131	9303048
9412131	9307168
9412136	9306132
9503042	9302006
9503157	9303047
9503217	9210037
9503217	9304125
9505091	9411004
9505091	9503157
9505100	9411057
9507011	9411057
9507011	9505100
9507050	9411234
9507050	9505054
9507064	9505054
9507074	9403109
9507153	9308122
9507153	9411234
9507153	9507050
9508005	9302006
9508141	9211097
9508154	9505054
9508154	9507050
9509017	9410212
9509017	9505018
9509028	9306132
9509028	9412136
9509066	9411057
9509066	9505100
9509095	9303038
9509095	9503226
9509145	9508154
9509148	9410237
9509148	9508154
9509151	9303047
9509159	9306132
9509159	9412136
9509159	9509028
9509160	9507050
9510017	9507050
9510079	9308122
9510079	9411057
9510079	9508089
9510079	9509148
9510079	9509160
9510207	9411057
9510218	9308122
9510218	9309140
9511048	9411057
9511049	9302006
9511112	9210115
9511204	9510017
9511214	9303048
9512140	9509066
9512166	9409098
9512175	9411004
9512204	9202039
9512204	9308122
9512211	9502132
9601091	9410237
9601164	9509148
9601164	9510017
9602016	9301111
9602051	9510017
9602060	9309140
9602115	9209044
9602115	9507074
9602115	9510083
9602174	9411057
9602174	9505100
9602174	9508089
9602174	9512043
9602174	9602060
9603060	9510017
9603060	9602051
9603127	9510017
9603169	9411210
9603195	9602051
9603195	9603060
9604025	9405109
9604044	9412229
9604080	9201026
9604080	9406180
9604080	9412170
9604080	9412229
9604094	9411004
9604094	9503157
9604117	9403066
9604117	9405126
9605003	9309134
9605003	9507074
9605003	9510083
9605090	9211097
9605090	9402147
9605090	9602174
9605169	9510017
9606001	9602115
9606001	9603053
9606016	9510017
9606016	9602051
9606016	9603060
9606016	9603195
9606056	9603053
9606056	9606001
9606063	9602174
9606068	9603010
9606070	9509066
9606141	9202057
9606142	9509151
9606175	9407079
9606177	9510017
9606181	9405109
9606181	9405194
9606192	9211097
9606196	9510017
9606196	9603060
9607003	9411210
9607095	9312004
9607095	9403066
9607095	9408097
9607095	9412072
9607144	9605221
9607201	9508154
9607201	9510017
9608008	9405109
9608008	9405194
9608026	9607201
9608096	9510017
9608169	9402107
9608182	9203079
9609017	9211072
9609017	9507050
9609017	9509151
9609052	9602051
9609052	9603195
9609076	9609052
9609082	9507050
9609176	9507050
9609176	9508154
9609176	9609082
9609205	9205088
9609205	9401061
9609205	9403021
9609217	9510017
9609217	9607201
9610119	9308122
9610119	9411234
9610122	9205088
9610122	9210115
9610122	9511112
9610204	9602174
9610204	9605090
9611012	9609101
9611053	9308122
9611053	9402147
9611072	9510017
9611072	9603127
9611083	9302006
9611130	9607144
9611182	9512043
9611182	9607201
9611184	9308122
9611184	9309140
9611184	9507050
9611184	9509017
9611184	9512016
9611184	9602060
9611184	9608096
9611184	9609017
9611190	9411057
9611190	9505100
9611190	9507050
9611190	9509066
9611190	9510017
9611190	9510079
9611190	9510207
9611190	9512140
9611190	9602174
9611190	9605090
9611190	9609101
9611190	9610204
9611199	9303038
9611199	9503226
9611199	9509095
9611205	9603127
9611205	9609017
9611214	9510017
9611214	9602051
9611214	9603127
9611214	9603195
9611214	9606196
9612099	9603010
9612099	9606068
9612153	9510017
9612153	9607201
9612164	9510017
9612167	9304114
9612167	9410016
9612178	9401042
9612178	9407079
9612179	9406175
9612179	9609017
9612192	9507050
9612192	9609176
9612192	9611184
9612200	9308122
9612205	9209044
9701054	9512043
9701054	9607201
9701060	9603053
9701060	9606001
9701060	9606056
9701092	9510098
9701092	9607201
9701149	9307049
9701149	9510017
9701149	9607201
9701152	9510017
9701169	9510017
9701169	9603127
9702018	9410237
9702018	9510017
9702018	9601091
9702018	9610062
9702093	9510017
9702093	9607201
9702093	9609176
9702123	9612164
9702142	9302126
9702142	9602051
9702142	9603195
9703084	9406175
9703084	9607201
9703151	9404054
9703151	9412058
9703151	9412059
9703182	9508154
9703182	9511204
9703182	9607201
9703182	9609082
9703182	9609176
9703182	9701162
9703189	9402107
9703189	9411210
9703189	9502132
9703189	9506174
9703198	9507050
9703198	9510098
9703198	9611205
9704090	9412170
9704090	9604080
9704110	9503082
9704110	9510017
9704110	9603060
9704110	9603195
9704110	9609076
9704167	9411210
9704205	9402147
9705046	9603127
9705052	9612194
9705067	9701092
9705076	9505100
9705078	9307049
9705078	9510017
9705078	9602051
9705078	9603195
9705078	9608096
9705078	9609076
9705078	9704110
9705084	9510017
9705084	9603127
9705123	9609205
9705124	9612194
9705124	9705052
9705173	9511204
9705173	9607201
9705173	9701162
9705227	9312179
9706024	9510017
9706074	9509066
9706107	9606001
9706168	9508154
9706168	9705046
9706168	9705117
9706200	9603053
9706200	9606001
9706210	9410237
9706210	9503226
9706210	9508089
9706210	9508107
9706210	9509095
9706210	9601091
9706210	9607201
9706211	9309140
9706211	9510017
9706211	9607201
9706217	9211097
9707047	9309140
9707047	9507050
9707047	9610139
9707047	9611184
9707047	9705173
9707119	9510017
9707119	9611190
9707119	9701149
9707202	9209044
9707202	9403067
9707202	9603053
9707202	9603127
9707202	9606001
9707202	9607201
9707202	9612205
9707202	9706107
9707228	9510017
9707228	9706168
9707249	9509066
9707249	9605221
9707261	9510017
9707261	9603127
9707261	9705046
9708078	9510017
9708078	9603127
9708078	9705046
9708090	9602051
9708090	9603195
9708090	9608096
9708090	9609052
9709038	9510017
9709038	9603127
9709038	9707228
9709091	9510017
9709099	9602051
9709099	9603127
9709107	9603127
9709107	9608096
9709107	9707119
9709113	9509160
9709113	9602051
9709113	9607108
9709113	9701152
9709113	9705212
9709114	9301052
9709114	9602051
9709123	9510017
9709123	9612164
9709123	9707228
9709123	9709038
9709123	9709099
9709160	9510017
9709160	9603060
9709160	9609052
9709160	9609076
9709160	9611214
9709160	9705084
9709160	9709091
9709171	9510017
9709171	9603127
9709171	9705084
9709202	9701149
9709206	9602051
9709206	9603060
9709206	9607108
9709206	9609052
9709206	9609076
9709206	9709160
9709209	9509066
9709209	9701162
9709209	9707047
9709211	9411057
9709211	9509066
9709211	9709099
9709222	9612200
9709222	9701162
9709222	9707047
9710009	9709099
9710072	9202036
9710102	9510017
9710102	9608096
9710102	9611205
9710102	9708078
9710153	9507074
9710153	9605003
9710198	9211072
9710198	9309140
9710198	9509017
9710198	9510017
9710198	9510079
9710198	9608096
9710198	9609017
9710215	9510017
9710215	9603127
9710215	9701169
9710215	9705046
9710231	9508154
9710231	9603127
9710231	9607201
9710231	9608096
9710231	9705046
9710231	9705117
9710231	9706039
9710231	9707228
9710231	9708034
9710231	9709107
9710231	9710009
9711002	9411100
9711052	9512107
9711052	9603127
9712010	9509066
9712012	9705117
9712012	9710009
9712042	9309140
9712042	9512043
9712062	9411210
9712062	9509151
9712195	9508154
9712195	9607201
9712195	9705046
9712223	9710009
9712241	9411210
9712241	9509151
9712241	9609017
9801015	9203079
9801022	9307168
9801136	9511151
9801141	9607201
9801195	9309134
9801195	9507074
9801195	9510083
9801195	9710153
9802068	9509151
9802068	9609017
9802068	9710231
9802173	9301052
9802173	9602051
9802173	9709091
9802173	9710009
9802173	9710231
9802183	9802116
9802185	9411057
9802185	9712062
9803002	9711002
9803002	9802116
9803163	9609217
9803216	9803163
9803243	9302006
9803243	9503042
9803243	9606014
9803265	9705046
9803265	9712241
9805008	9412229
9805008	9604044
9805140	9510017
9805144	9509066
9805144	9712010
9805146	9204099
9805146	9403186
9805146	9510017
9805146	9603060
9805146	9603195
9806081	9510017
9806081	9706039
9806081	9710231
9806099	9603053
9806099	9606001
9806099	9706107
9806099	9707202
9806122	9204099
9806122	9603060
9809079	9502132
9809079	9506174
9809079	9703189
9810022	9808042
9810147	9802068
9810171	9711002
9811161	9704167
9811162	9204099
9811162	9310194
9811162	9806122
9811169	9510083
9811169	9602115
9811169	9605003
9811169	9801195
9811247	9606141
9812013	9204099
9812055	9509066
9812055	9603169
9812055	9802185
9812136	9712195
9812206	9204099
9901042	9510017
9901042	9609017
9901061	9305032
9901089	9211126
9901089	9503157
9901089	9802068
9902121	9204099
9903077	9510083
9903077	9602115
9903077	9802068
9903112	9507074
9903112	9510083
9903112	9710153
9903112	9801195
9903112	9808042
9903112	9811169
9903113	9710102
9903113	9803265
9903190	9902121
9903202	9507074
9903202	9510083
9903202	9710153
9903202	9811169
9903202	9903112
9904189	9511151
9904217	9701149
9905103	9208058
9905103	9210037
9905103	9503217
9905165	9706217
9906225	9602115
9907066	9905196
9907165	9712062
9907165	9802185
9907165	9812055
9907191	9202036
9907191	9804177
9907209	9906064
9908090	9905196
9908090	9907066
9908150	9204099
9908150	9812206
9908179	9604044
9908179	9805008
9908207	9511151
9909085	9808039
9909130	9906064
9909140	9510017
9909140	9606177
9910158	9812013
9910247	9812013
9910247	9910158
9911015	9906064
9911015	9909130
9911055	9906064
9911055	9909130
9911100	9812013
9911150	9204099
9911239	9303038
9911239	9402097
9911239	9710153
9912033	9812136
9912055	9902088
9912067	9903113
9912077	9912077
9912092	9808042
9912092	9810022
9912130	9806099
9912180	9411057
9912180	9505100
9912180	9611190
