9801141
0104066
0110191
9906064
9911055
0108115
9705084
9302037
9609076
9301052
9512107
0206146
0112055
0207267
9805086
9210109
9510017
0010175
9606141
9610139
9911015
9503082
9302126
9802116
0002072
9612164
0006068
9812206
0105108
9609101
9811162
9608026
0107250
9910158
9909130
9907209
0005253
9910247
9307049
9710009
9806081
0004014
9610204
9709091
9701149
0005266
0007022
9812136
9805144
9811247
0204198
9403186
9706024
0105111
9909140
0208126
9608008
0003118
9908090
0202060
9806122
0001167
9903048
0204242
9204099
9403175
9605169
0003237
9803002
9706074
0004194
0111264
0109174
9712010
0203274
9606016
0205174
9903190
9711052
9606056
0108170
0011118
0005159
9707176
0105082
9908150
9810171
9411054
9905196
0002229
9605221
9202057
9605090
9702142
9912033
9805146
0109068
9706107
0106143
9912055
0209044
9606177
0003139
9603127
9902088
9706217
0008001
9804177
9505100
9411057
0010063
9609052
0110137
9606063
9903077
0101113
0104005
0206049
9905165
9408040
0002161
0108174
0112141
9802183
9505054
0204160
9812013
9712223
0010076
9505018
9611072
0202178
0101134
0208102
9907066
9603195
0111207
9310194
9603060
0110260
0107214
9705212
0009122
9602051
9607108
9802173
9602174
0012172
9312206
9710153
9801195
9405109
9310153
0002193
9605003
9211072
9606181
9507074
9707202
9410029
9510083
9402107
9903202
9611053
9503157
0005199
9505091
9808042
9811169
9901042
9907165
9211126
9701060
9710048
9506174
9403109
0108110
9704167
0008063
0001202
9710072
9809079
9803216
9912180
9603169
0102182
9701162
0001024
9202039
9802068
9811161
9608096
9211097
9411004
0105259
9202036
9903113
0004049
9604094
9712042
9901089
9906225
9609017
9904217
9406175
9703189
0202074
9604025
9606001
9612205
9308122
9707257
9907191
0003188
0006050
9603053
9912130
9805140
9405194
9810022
9705046
9703084
9911239
9402147
9812055
9512204
0107222
9903112
9503226
9902121
9602115
0111255
9810147
9303038
9303047
9803163
9803265
9806099
9802185
9912067
9209044
9402097
9502132
9411234
0202080
9712241
0105107
9607003
0002230
0110105
9911100
9912092
0111161
0101219
9309134
9608169
0102039
9309140
0001076
9511048
9708078
9709160
9611182
9701054
9703182
9710231
0001098
9507050
0112043
0003176
9709113
9710198
9705173
9612179
9611012
9709202
9509017
9705067
0107083
9704205
9705076
0001028
9606142
0202156
0107208
9611190
0103182
9712012
9704110
9706210
9507064
9702093
9707261
9510098
9602060
9411210
9701169
0110262
9702018
0104178
9707119
9705117
9707228
9706200
9507011
9712195
9204057
9611184
9612200
9509066
9701092
9702123
9709206
9612153
9607201
9606196
9911150
0105145
9611130
9701152
9610119
9709114
9509151
9712062
9707047
9512175
0103247
9708034
9611214
9708090
0102033
9409098
9611205
9709222
9507153
9606070
9512043
0110057
9709123
9912077
0103081
0201181
0103101
9601091
9411100
9710102
9510207
9609082
9512140
9709107
9711002
9509160
0102006
9410212
9512211
9709211
9510218
9709099
9410237
9709038
9709209
9610062
9710215
9607144
9706168
9512016
9511204
9601164
0002078
9709171
0104231
0103112
9508141
0012182
9512166
9509148
9706039
9705078
9508107
9509145
9609176
9508154
9510079
9703198
9706211
9707249
0102084
9611199
0103086
0005279
9508089
9612192
9606192
9403067
9609217
0001077
9509095